0 
13 0 
14 1 0 
26 13 12 0 
13 26 27 39 0 
5 13 14 26 13 0 
7 8 9 20 19 6 0 
13 5 5 14 25 12 6 0 
18 7 6 9 31 18 12 6 0 
24 12 11 5 37 24 18 12 6 0 
30 17 16 6 43 30 24 18 12 6 0 
7 18 19 31 8 5 11 17 23 29 35 0 
15 27 28 39 6 13 19 25 31 37 43 8 0 
9 18 19 30 12 5 9 15 21 27 33 4 10 0 
10 18 19 30 12 5 10 15 21 27 33 5 10 1 0 
11 19 20 31 13 6 10 16 21 27 33 6 10 2 1 0 
12 20 20 31 14 7 11 16 22 27 33 7 10 3 2 1 0 
14 24 25 36 11 10 15 21 26 32 38 7 6 5 5 5 5 0 
15 19 20 30 18 10 11 15 20 26 31 11 14 6 5 5 4 8 0 
16 16 17 25 23 11 10 11 15 20 26 14 20 10 10 9 9 14 6 0 
19 15 15 20 28 15 11 10 11 15 20 19 25 16 15 15 15 20 12 6 0 
23 15 15 17 33 20 15 11 10 11 15 25 31 21 21 21 21 26 18 12 6 0 
28 18 18 15 39 26 20 15 11 10 11 30 37 27 27 27 27 32 24 18 12 6 0 
33 22 21 15 44 31 26 20 15 11 10 36 43 33 33 33 33 38 30 24 18 12 6 0 
15 23 24 34 15 11 14 19 25 30 36 10 10 6 5 4 3 4 5 11 17 23 29 35 0 
18 23 24 33 19 13 15 19 23 29 34 13 14 9 8 7 6 8 3 8 14 20 26 32 4 0 
18 22 22 31 20 13 14 17 22 27 32 13 16 9 8 7 6 10 3 6 12 18 24 30 5 2 0 
18 21 21 30 21 13 13 16 20 25 30 14 18 10 9 8 7 11 3 5 10 16 22 28 7 4 2 0 
18 20 20 28 23 13 13 15 19 23 29 15 19 11 10 9 9 13 5 3 8 14 20 26 9 6 4 2 0 
18 19 19 26 24 14 13 14 17 22 27 17 21 12 12 11 10 15 6 3 6 12 18 24 11 8 6 4 2 0 
19 18 18 25 26 15 13 13 16 20 25 18 23 14 13 13 12 17 8 3 5 10 16 22 13 10 8 6 4 2 0 
20 18 18 24 28 16 13 13 15 19 23 19 25 15 15 14 14 18 10 5 3 8 14 20 15 12 10 8 6 4 2 0 
21 18 18 22 29 17 14 13 14 17 22 21 26 17 17 16 16 20 12 6 3 6 12 18 17 14 12 10 8 6 4 2 0 
22 18 18 21 31 19 15 13 13 16 20 23 28 19 18 18 18 22 14 8 3 5 10 16 19 16 14 12 10 8 6 4 2 0 
24 18 18 20 33 20 16 13 13 15 19 24 30 21 20 20 19 24 16 10 5 3 8 14 21 18 16 14 12 10 8 6 4 2 0 
25 18 18 19 34 22 17 14 13 14 17 26 32 22 22 22 21 26 18 12 6 3 6 12 23 20 18 16 14 12 10 8 6 4 2 0 
